9.324784368125261 94.6761245172874
9.019486144510871 94.70569690791531
8.714094161968129 94.73428481843992
8.408611595093069 94.76188795168557
8.103041619423378 94.78850602071347
8.103041619423378 94.78850602071348
5.930470404135219 91.82423754397655
4.307872520356399 89.23866562960023
3.110330669651356 87.00723495999948
2.242111907047649 85.10469232280768
2.242111907047649 85.10469232280767
1.6816690007291188 85.11761104809902
1.1211531779416102 85.1268391091498
0.5605887424182519 85.13237610583506
0.0 85.13422179807297
0.0 85.13422179807297
-0.5605887424182519 85.13237610583506
-1.1211531779416102 85.1268391091498
-1.6816690007291188 85.11761104809902
-2.242111907047649 85.10469232280767
-2.242111907047649 85.10469232280768
-3.110330669651356 87.00723495999948
-4.307872520356399 89.23866562960023
-5.930470404135219 91.82423754397655
-8.103041619423378 94.78850602071348
-8.103041619423378 94.78850602071347
-8.408611595093069 94.76188795168557
-8.714094161968129 94.73428481843992
-9.019486144510871 94.70569690791531
-9.324784368125261 94.6761245172874
-9.324784368125261 94.6761245172874
-9.629985659189892 94.64556795396571
-9.93508684509099 94.61402753559031
-10.24008475425539 94.58150359002869
-10.544976216183498 94.54799645537216
-10.544976216183501 94.54799645537217
-12.097501993097017 91.21683794823174
-13.184502056149183 88.36439392953835
-13.923702948098457 85.94221074927177
-14.404071474890918 83.9068438573977
-14.404071474890914 83.90684385739769
-14.956265946191664 83.8101773659397
-15.507811920016739 83.70987690002221
-16.058685481561927 83.60594680863171
-16.60886274517854 83.49839159813381
-16.60886274517854 83.49839159813381
-17.158319855409083 83.38721593207772
-17.70703298802161 83.27242463099414
-18.254978351042723 83.15402267218612
-18.802132185789215 83.03201518951344
-18.80213218578922 83.03201518951346
-20.024836024060004 84.72861992543392
-21.63469797178743 86.68354545513682
-23.73053814958266 88.90288318653202
-26.43966410983391 91.38634645768538
-26.439664109833906 91.38634645768536
-26.734169716445813 91.30062610243817
-27.02839741730312 91.21395666331587
-27.322344153864186 91.12633904126044
-27.61600687050805 91.03777414707037
-27.616006870508052 91.03777414707037
-27.90938251456617 90.9482629013912
-28.202468036354155 90.85780623470592
-28.495260389203512 90.76640508732531
-28.787756529493237 90.67406040937816
-28.787756529493244 90.67406040937817
-29.66057417309182 87.10402642512845
-30.170203612590896 84.09432812608733
-30.422656470055426 81.5744755763966
-30.496714467945775 79.48450243804808
-30.496714467945772 79.48450243804807
-31.01943998037088 79.28196556889625
-31.540820502769968 79.07599106666656
-32.060833428300256 78.86658786232778
-32.57945620941741 78.65376503551586
-32.57945620941741 78.65376503551586
-33.096666358853184 78.43753181414009
-33.612441450590445 78.21789757398311
-34.12675912083556 77.99487183829427
-34.63959706898812 77.76846427737681
-34.63959706898812 77.76846427737682
-36.169798160121445 79.19393154349142
-38.130114113041074 80.79722524152486
-40.618654622180756 82.56504088554036
-43.76022513603798 84.47226085034195
-43.76022513603798 84.47226085034194
-44.03234868829065 84.33073239405509
-44.30401451759105 84.18832730699681
-44.57521979993163 84.04504706948963
-44.8459617160923 83.90089317095335
-44.84596171609229 83.90089317095335
-45.11623745166969 83.75586710988968
-45.386044197106514 83.60997039386652
-45.65537914772066 83.46320453950241
-45.924239503734405 83.31557107245068
-45.92423950373441 83.3155710724507
-46.083807121456324 79.64385601500825
-45.99648116384584 76.59256445339332
-45.75248436509046 74.07187905461345
-45.41738582675198 72.00761616542678
-45.417385826751975 72.00761616542677
-45.890554332006786 71.70699229687865
-46.36173304189766 71.40325924294562
-46.83090152631152 71.09643017336661
-47.2980394422979 70.78651839212263
-47.2980394422979 70.78651839212263
-47.76312653495087 70.47353733685968
-48.22614263828741 70.15750057830624
-48.687067676121686 69.83842181968481
-49.14588166293563 69.5163148961178
-49.14588166293564 69.5163148961178
-50.924775237145916 70.615864784801
-53.16021135254489 71.80591297348703
-55.94581897685239 73.05427036632574
-59.3991052512811 74.31195363110953
-59.39910525128109 74.31195363110952
-59.6383891936701 74.12005593298804
-59.87705318594554 73.92738774562774
-60.115094747158956 73.73395107184372
-60.35251140283218 73.53974792243956
-60.35251140283219 73.53974792243956
-60.58930068498302 73.34478031618652
-60.8254601321509 73.14905027980244
-61.06098728942252 72.9525598479308
-61.29587970845729 72.75531106311948
-61.295879708457306 72.75531106311949
-60.736065206240056 69.12301688302033
-60.055139739098024 66.1473914823604
-59.32406994426392 63.722741760749855
-58.59269251859953 61.763517585904516
-58.59269251859952 61.76351758590451
-58.99812041638305 61.376359524636584
-59.400990180184664 60.98654020992739
-59.8012843417388 60.59407654418037
-60.198985544456995 60.198985544456995
-60.198985544456995 60.198985544456995
-60.59407654418037 59.8012843417388
-60.98654020992739 59.400990180184664
-61.376359524636584 58.99812041638305
-61.76351758590451 58.59269251859952
-61.763517585904516 58.59269251859953
-63.722741760749855 59.32406994426392
-66.1473914823604 60.055139739098024
-69.12301688302033 60.736065206240056
-72.75531106311949 61.295879708457306
-72.75531106311948 61.29587970845729
-72.9525598479308 61.06098728942252
-73.14905027980244 60.8254601321509
-73.34478031618652 60.58930068498302
-73.53974792243956 60.35251140283219
-73.53974792243956 60.35251140283219
-73.73395107184372 60.11509474715897
-73.92738774562774 59.87705318594555
-74.12005593298804 59.638389193670115
-74.31195363110952 59.3991052512811
-74.31195363110953 59.39910525128111
-73.05427036632574 55.945818976852394
-71.80591297348703 53.1602113525449
-70.615864784801 50.92477523714592
-69.5163148961178 49.14588166293565
-69.5163148961178 49.14588166293564
-69.83842181968481 48.6870676761217
-70.15750057830624 48.22614263828743
-70.47353733685968 47.763126534950885
-70.78651839212263 47.298039442297906
-70.78651839212263 47.298039442297906
-71.09643017336663 46.830901526311536
-71.40325924294562 46.36173304189767
-71.70699229687865 45.8905543320068
-72.00761616542677 45.41738582675198
-72.00761616542678 45.41738582675199
-74.07187905461345 45.75248436509047
-76.59256445339332 45.99648116384585
-79.64385601500825 46.08380712145634
-83.3155710724507 45.92423950373442
-83.31557107245068 45.92423950373441
-83.46320453950241 45.65537914772067
-83.60997039386652 45.38604419710652
-83.75586710988968 45.116237451669704
-83.90089317095335 44.8459617160923
-83.90089317095335 44.8459617160923
-84.04504706948963 44.57521979993164
-84.18832730699681 44.30401451759106
-84.33073239405509 44.032348688290654
-84.47226085034194 43.76022513603798
-84.47226085034195 43.76022513603799
-82.56504088554036 40.61865462218076
-80.79722524152486 38.130114113041074
-79.19393154349142 36.16979816012145
-77.76846427737682 34.639597068988124
-77.76846427737681 34.63959706898812
-77.99487183829427 34.126759120835565
-78.21789757398311 33.61244145059045
-78.43753181414009 33.096666358853184
-78.65376503551586 32.579456209417415
-78.65376503551586 32.579456209417415
-78.86658786232778 32.060833428300256
-79.07599106666656 31.54082050276997
-79.28196556889625 31.019439980370883
-79.48450243804807 30.496714467945775
-79.48450243804808 30.496714467945782
-81.5744755763966 30.42265647005543
-84.09432812608733 30.1702036125909
-87.10402642512845 29.660574173091824
-90.67406040937817 28.787756529493247
-90.67406040937816 28.787756529493244
-90.76640508732531 28.495260389203516
-90.85780623470592 28.202468036354162
-90.9482629013912 27.909382514566175
-91.03777414707037 27.61600687050806
-91.03777414707037 27.616006870508055
-91.12633904126044 27.322344153864194
-91.21395666331587 27.028397417303125
-91.30062610243817 26.73416971644582
-91.38634645768536 26.439664109833913
-91.38634645768538 26.439664109833917
-88.90288318653202 23.730538149582667
-86.68354545513682 21.634697971787435
-84.72861992543392 20.02483602406001
-83.03201518951346 18.802132185789226
-83.03201518951344 18.802132185789223
-83.15402267218612 18.25497835104273
-83.27242463099414 17.707032988021616
-83.38721593207772 17.15831985540909
-83.49839159813381 16.60886274517855
-83.49839159813381 16.60886274517855
-83.60594680863171 16.058685481561934
-83.70987690002221 15.507811920016746
-83.8101773659397 14.956265946191671
-83.90684385739769 14.404071474890921
-83.9068438573977 14.404071474890925
-85.94221074927177 13.923702948098464
-88.36439392953835 13.184502056149192
-91.21683794823174 12.097501993097026
-94.54799645537217 10.544976216183509
-94.54799645537216 10.544976216183507
-94.58150359002869 10.240084754255399
-94.61402753559031 9.935086845090996
-94.64556795396571 9.6299856591899
-94.6761245172874 9.324784368125268
-94.6761245172874 9.324784368125266
-94.70569690791531 9.019486144510877
-94.73428481843992 8.714094161968134
-94.76188795168557 8.408611595093074
-94.78850602071347 8.103041619423383
-94.78850602071348 8.103041619423383
-91.82423754397655 5.9304704041352245
-89.23866562960023 4.307872520356404
-87.00723495999948 3.1103306696513613
-85.10469232280768 2.2421119070476543
-85.10469232280767 2.2421119070476543
-85.11761104809902 1.681669000729124
-85.1268391091498 1.1211531779416153
-85.13237610583506 0.5605887424182571
-85.13422179807297 5.212967611145545e-15
-85.13422179807297 5.212967611145545e-15
-85.13237610583506 -0.5605887424182466
-85.1268391091498 -1.121153177941605
-85.11761104809902 -1.6816690007291137
-85.10469232280767 -2.2421119070476436
-85.10469232280768 -2.2421119070476436
-87.00723495999948 -3.1103306696513506
-89.23866562960023 -4.307872520356393
-91.82423754397655 -5.930470404135214
-94.78850602071348 -8.103041619423372
-94.78850602071347 -8.103041619423372
-94.76188795168557 -8.408611595093063
-94.73428481843992 -8.714094161968124
-94.70569690791531 -9.019486144510866
-94.6761245172874 -9.324784368125256
-94.6761245172874 -9.324784368125256
-94.64556795396571 -9.629985659189886
-94.61402753559031 -9.935086845090984
-94.58150359002869 -10.240084754255385
-94.54799645537216 -10.544976216183493
-94.54799645537217 -10.544976216183496
-91.21683794823174 -12.097501993097014
-88.36439392953835 -13.18450205614918
-85.94221074927177 -13.923702948098452
-83.9068438573977 -14.404071474890912
-83.90684385739769 -14.40407147489091
-83.8101773659397 -14.95626594619166
-83.70987690002221 -15.507811920016735
-83.60594680863171 -16.05868548156192
-83.49839159813381 -16.608862745178538
-83.49839159813381 -16.608862745178538
-83.38721593207772 -17.15831985540908
-83.27242463099414 -17.707032988021606
-83.15402267218612 -18.254978351042716
-83.03201518951344 -18.802132185789212
-83.03201518951346 -18.802132185789212
-84.72861992543392 -20.024836024059997
-86.68354545513682 -21.63469797178742
-88.90288318653202 -23.730538149582653
-91.38634645768538 -26.439664109833902
-91.38634645768536 -26.439664109833902
-91.30062610243817 -26.734169716445805
-91.21395666331587 -27.02839741730311
-91.12633904126044 -27.322344153864183
-91.03777414707037 -27.61600687050804
-91.03777414707037 -27.61600687050805
-90.9482629013912 -27.909382514566165
-90.85780623470592 -28.20246803635415
-90.7664050873253 -28.495260389203505
-90.67406040937816 -28.787756529493233
-90.67406040937817 -28.78775652949324
-87.10402642512845 -29.660574173091817
-84.09432812608733 -30.17020361259089
-81.5744755763966 -30.42265647005542
-79.48450243804808 -30.496714467945772
-79.48450243804807 -30.496714467945765
-79.28196556889625 -31.019439980370876
-79.07599106666656 -31.540820502769964
-78.86658786232778 -32.06083342830025
-78.65376503551586 -32.57945620941741
-78.65376503551586 -32.57945620941741
-78.43753181414009 -33.09666635885318
-78.21789757398311 -33.61244145059044
-77.99487183829427 -34.12675912083556
-77.76846427737681 -34.63959706898811
-77.76846427737682 -34.63959706898812
-79.19393154349142 -36.169798160121445
-80.79722524152486 -38.13011411304107
-82.56504088554036 -40.61865462218075
-84.47226085034195 -43.76022513603798
-84.47226085034194 -43.760225136037974
-84.33073239405509 -44.03234868829065
-84.18832730699681 -44.30401451759104
-84.04504706948963 -44.575219799931624
-83.90089317095335 -44.84596171609229
-83.90089317095337 -44.84596171609227
-83.75586710988969 -45.11623745166967
-83.60997039386653 -45.38604419710649
-83.46320453950243 -45.65537914772064
-83.3155710724507 -45.92423950373438
-83.31557107245071 -45.92423950373439
-79.64385601500827 -46.0838071214563
-76.59256445339334 -45.99648116384582
-74.07187905461346 -45.75248436509044
-72.0076161654268 -45.41738582675196
-72.00761616542678 -45.41738582675195
-71.70699229687867 -45.89055433200677
-71.40325924294562 -46.361733041897644
-71.09643017336663 -46.83090152631151
-70.78651839212264 -47.29803944229788
-70.78651839212264 -47.29803944229788
-70.47353733685968 -47.76312653495086
-70.15750057830626 -48.2261426382874
-69.83842181968483 -48.68706767612167
-69.5163148961178 -49.145881662935615
-69.51631489611782 -49.14588166293562
-70.61586478480102 -50.924775237145894
-71.80591297348704 -53.16021135254487
-73.05427036632575 -55.945818976852365
-74.31195363110955 -59.39910525128108
-74.31195363110953 -59.39910525128107
-74.12005593298805 -59.63838919367008
-73.92738774562775 -59.87705318594552
-73.73395107184373 -60.11509474715894
-73.53974792243957 -60.35251140283216
-73.53974792243956 -60.35251140283218
-73.34478031618652 -60.58930068498301
-73.14905027980244 -60.82546013215089
-72.9525598479308 -61.06098728942251
-72.75531106311948 -61.295879708457285
-72.75531106311949 -61.29587970845729
-69.12301688302033 -60.73606520624004
-66.1473914823604 -60.05513973909802
-63.722741760749855 -59.324069944263904
-61.763517585904516 -58.59269251859952
-61.76351758590451 -58.59269251859951
-61.376359524636584 -58.998120416383045
-60.98654020992739 -59.40099018018466
-60.59407654418037 -59.80128434173879
-60.198985544456995 -60.19898554445698
-60.198985544456995 -60.19898554445698
-59.8012843417388 -60.59407654418036
-59.400990180184664 -60.98654020992738
-58.99812041638305 -61.37635952463658
-58.59269251859952 -61.7635175859045
-58.59269251859953 -61.76351758590451
-59.32406994426392 -63.72274176074984
-60.055139739098024 -66.1473914823604
-60.736065206240056 -69.12301688302033
-61.295879708457306 -72.75531106311948
-61.29587970845729 -72.75531106311946
-61.06098728942252 -72.9525598479308
-60.8254601321509 -73.14905027980242
-60.58930068498302 -73.3447803161865
-60.35251140283219 -73.53974792243956
-60.35251140283218 -73.53974792243957
-60.11509474715896 -73.73395107184373
-59.87705318594554 -73.92738774562775
-59.6383891936701 -74.12005593298805
-59.39910525128109 -74.31195363110953
-59.3991052512811 -74.31195363110955
-55.94581897685239 -73.05427036632575
-53.16021135254489 -71.80591297348704
-50.924775237145916 -70.61586478480102
-49.14588166293564 -69.51631489611782
-49.14588166293563 -69.5163148961178
-48.687067676121686 -69.83842181968483
-48.22614263828741 -70.15750057830626
-47.76312653495088 -70.47353733685968
-47.2980394422979 -70.78651839212264
-47.2980394422979 -70.78651839212264
-46.83090152631152 -71.09643017336663
-46.36173304189766 -71.40325924294562
-45.890554332006786 -71.70699229687867
-45.417385826751975 -72.00761616542678
-45.41738582675198 -72.0076161654268
-45.75248436509046 -74.07187905461346
-45.99648116384584 -76.59256445339334
-46.083807121456324 -79.64385601500827
-45.92423950373441 -83.31557107245071
-45.9242395037344 -83.3155710724507
-45.65537914772066 -83.46320453950243
-45.386044197106514 -83.60997039386653
-45.11623745166969 -83.75586710988969
-44.84596171609229 -83.90089317095337
-44.845961716092305 -83.90089317095335
-44.575219799931645 -84.04504706948963
-44.304014517591064 -84.18832730699681
-44.03234868829066 -84.33073239405509
-43.76022513603799 -84.47226085034194
-43.760225136037995 -84.47226085034195
-40.61865462218076 -82.56504088554036
-38.13011411304108 -80.79722524152486
-36.16979816012146 -79.19393154349142
-34.63959706898813 -77.76846427737682
-34.639597068988124 -77.76846427737681
-34.12675912083557 -77.99487183829427
-33.61244145059045 -78.21789757398311
-33.09666635885319 -78.43753181414009
-32.57945620941742 -78.65376503551586
-32.57945620941742 -78.65376503551586
-32.06083342830026 -78.86658786232778
-31.54082050276998 -79.07599106666656
-31.01943998037089 -79.28196556889625
-30.49671446794578 -79.48450243804807
-30.496714467945786 -79.48450243804808
-30.422656470055433 -81.5744755763966
-30.170203612590907 -84.09432812608733
-29.66057417309183 -87.10402642512845
-28.787756529493254 -90.67406040937817
-28.787756529493247 -90.67406040937816
-28.49526038920352 -90.76640508732531
-28.202468036354166 -90.85780623470592
-27.90938251456618 -90.9482629013912
-27.616006870508063 -91.03777414707037
-27.616006870508084 -91.03777414707037
-27.322344153864222 -91.12633904126044
-27.02839741730315 -91.21395666331586
-26.734169716445845 -91.30062610243817
-26.43966410983394 -91.38634645768536
-26.43966410983394 -91.38634645768538
-23.730538149582692 -88.90288318653202
-21.63469797178746 -86.68354545513682
-20.024836024060033 -84.72861992543392
-18.802132185789247 -83.03201518951346
-18.802132185789247 -83.03201518951344
-18.25497835104275 -83.15402267218612
-17.70703298802164 -83.27242463099414
-17.158319855409115 -83.38721593207772
-16.608862745178573 -83.49839159813381
-16.608862745178573 -83.49839159813381
-16.058685481561955 -83.60594680863171
-15.50781192001677 -83.70987690002221
-14.956265946191696 -83.8101773659397
-14.404071474890946 -83.90684385739769
-14.404071474890948 -83.9068438573977
-13.923702948098489 -85.94221074927177
-13.184502056149217 -88.36439392953835
-12.097501993097051 -91.21683794823174
-10.544976216183535 -94.54799645537217
-10.544976216183532 -94.54799645537216
-10.240084754255424 -94.58150359002869
-9.935086845091023 -94.61402753559032
-9.629985659189925 -94.64556795396571
-9.324784368125295 -94.6761245172874
-9.324784368125274 -94.6761245172874
-9.019486144510884 -94.70569690791531
-8.714094161968141 -94.73428481843992
-8.408611595093081 -94.76188795168557
-8.10304161942339 -94.78850602071347
-8.10304161942339 -94.78850602071348
-5.930470404135231 -91.82423754397655
-4.307872520356409 -89.23866562960023
-3.1103306696513666 -87.00723495999948
-2.242111907047659 -85.10469232280768
-2.242111907047659 -85.10469232280767
-1.6816690007291293 -85.11761104809902
-1.1211531779416206 -85.1268391091498
-0.5605887424182623 -85.13237610583506
-1.042593522229109e-14 -85.13422179807297
-1.042593522229109e-14 -85.13422179807297
0.5605887424182414 -85.13237610583506
1.1211531779415997 -85.1268391091498
1.6816690007291084 -85.11761104809902
2.2421119070476387 -85.10469232280767
2.2421119070476387 -85.10469232280768
3.1103306696513453 -87.00723495999948
4.307872520356388 -89.23866562960023
5.930470404135208 -91.82423754397655
8.103041619423365 -94.78850602071348
8.103041619423365 -94.78850602071347
8.408611595093056 -94.76188795168557
8.714094161968116 -94.73428481843992
9.019486144510859 -94.70569690791531
9.324784368125249 -94.6761245172874
9.324784368125272 -94.6761245172874
9.629985659189902 -94.64556795396571
9.935086845091 -94.61402753559031
10.2400847542554 -94.58150359002869
10.544976216183509 -94.54799645537216
10.544976216183512 -94.54799645537217
12.097501993097028 -91.21683794823174
13.184502056149194 -88.36439392953835
13.923702948098466 -85.94221074927177
14.404071474890927 -83.9068438573977
14.404071474890925 -83.90684385739769
14.956265946191674 -83.8101773659397
15.50781192001675 -83.70987690002221
16.058685481561934 -83.60594680863171
16.608862745178552 -83.49839159813381
16.608862745178552 -83.49839159813381
17.158319855409093 -83.38721593207772
17.70703298802162 -83.27242463099414
18.25497835104273 -83.15402267218612
18.802132185789226 -83.03201518951344
18.802132185789226 -83.03201518951346
20.02483602406001 -84.72861992543392
21.63469797178744 -86.68354545513682
23.73053814958267 -88.90288318653202
26.43966410983392 -91.38634645768538
26.439664109833917 -91.38634645768536
26.734169716445823 -91.30062610243817
27.02839741730313 -91.21395666331587
27.322344153864197 -91.12633904126044
27.61600687050806 -91.03777414707037
27.61600687050804 -91.03777414707038
27.909382514566158 -90.94826290139122
28.202468036354144 -90.85780623470592
28.495260389203498 -90.76640508732531
28.787756529493226 -90.67406040937817
28.787756529493233 -90.67406040937819
29.66057417309181 -87.10402642512845
30.170203612590885 -84.09432812608735
30.422656470055415 -81.57447557639661
30.49671446794577 -79.4845024380481
30.49671446794576 -79.48450243804808
31.01943998037087 -79.28196556889625
31.540820502769957 -79.07599106666657
32.06083342830024 -78.86658786232779
32.5794562094174 -78.65376503551586
32.5794562094174 -78.65376503551586
33.09666635885317 -78.4375318141401
33.61244145059044 -78.21789757398312
34.12675912083555 -77.99487183829427
34.6395970689881 -77.76846427737682
34.63959706898811 -77.76846427737684
36.16979816012144 -79.19393154349143
38.13011411304106 -80.79722524152487
40.61865462218075 -82.56504088554037
43.760225136037974 -84.47226085034195
43.76022513603797 -84.47226085034195
44.03234868829064 -84.3307323940551
44.30401451759104 -84.18832730699681
44.575219799931624 -84.04504706948963
44.84596171609228 -83.90089317095337
44.84596171609227 -83.90089317095337
45.11623745166967 -83.75586710988969
45.38604419710649 -83.60997039386655
45.65537914772064 -83.46320453950243
45.92423950373438 -83.31557107245071
45.924239503734384 -83.31557107245071
46.0838071214563 -79.64385601500828
45.99648116384582 -76.59256445339334
45.75248436509044 -74.07187905461346
45.41738582675196 -72.00761616542681
45.41738582675195 -72.0076161654268
45.89055433200677 -71.70699229687867
46.361733041897644 -71.40325924294564
46.83090152631151 -71.09643017336664
47.29803944229788 -70.78651839212264
47.29803944229788 -70.78651839212264
47.76312653495086 -70.47353733685969
48.2261426382874 -70.15750057830626
48.68706767612167 -69.83842181968484
49.145881662935615 -69.51631489611782
49.14588166293562 -69.51631489611783
50.9247752371459 -70.61586478480103
53.16021135254487 -71.80591297348705
55.945818976852365 -73.05427036632577
59.39910525128108 -74.31195363110956
59.39910525128107 -74.31195363110955
59.63838919367008 -74.12005593298807
59.87705318594552 -73.92738774562777
60.11509474715894 -73.73395107184375
60.352511402832164 -73.53974792243959
60.35251140283218 -73.53974792243957
60.58930068498301 -73.34478031618653
60.82546013215089 -73.14905027980245
61.06098728942251 -72.95255984793081
61.29587970845728 -72.75531106311949
61.29587970845729 -72.7553110631195
60.73606520624004 -69.12301688302034
60.05513973909801 -66.14739148236042
59.324069944263904 -63.72274176074986
58.59269251859952 -61.76351758590453
58.59269251859951 -61.763517585904516
58.998120416383045 -61.37635952463659
59.40099018018466 -60.9865402099274
59.80128434173879 -60.59407654418038
60.19898554445698 -60.198985544457
60.19898554445698 -60.198985544457
60.59407654418036 -59.80128434173881
60.98654020992738 -59.40099018018468
61.37635952463658 -58.99812041638307
61.7635175859045 -58.59269251859953
61.76351758590451 -58.59269251859954
63.72274176074984 -59.324069944263925
66.1473914823604 -60.05513973909803
69.12301688302033 -60.73606520624006
72.75531106311948 -61.29587970845731
72.75531106311946 -61.295879708457306
72.9525598479308 -61.060987289422535
73.14905027980242 -60.825460132150916
73.3447803161865 -60.58930068498303
73.53974792243956 -60.3525114028322
73.53974792243956 -60.35251140283218
73.73395107184372 -60.115094747158956
73.92738774562774 -59.87705318594554
74.12005593298804 -59.6383891936701
74.31195363110952 -59.39910525128109
74.31195363110953 -59.3991052512811
73.05427036632574 -55.94581897685239
71.80591297348703 -53.16021135254489
70.615864784801 -50.924775237145916
69.5163148961178 -49.14588166293564
69.5163148961178 -49.14588166293563
69.83842181968481 -48.687067676121686
70.15750057830624 -48.22614263828741
70.47353733685968 -47.76312653495087
70.78651839212263 -47.2980394422979
70.78651839212263 -47.2980394422979
71.09643017336661 -46.83090152631152
71.40325924294562 -46.36173304189766
71.70699229687865 -45.890554332006786
72.00761616542677 -45.417385826751975
72.00761616542678 -45.41738582675198
74.07187905461345 -45.75248436509046
76.59256445339332 -45.99648116384584
79.64385601500825 -46.083807121456324
83.3155710724507 -45.92423950373441
83.31557107245068 -45.924239503734405
83.46320453950241 -45.65537914772066
83.60997039386652 -45.386044197106514
83.75586710988968 -45.11623745166969
83.90089317095335 -44.84596171609229
83.90089317095332 -44.84596171609235
84.0450470694896 -44.57521979993168
84.18832730699678 -44.3040145175911
84.33073239405506 -44.032348688290696
84.47226085034191 -43.76022513603803
84.47226085034193 -43.76022513603804
82.56504088554033 -40.618654622180806
80.79722524152484 -38.13011411304112
79.19393154349139 -36.169798160121495
77.76846427737681 -34.63959706898817
77.7684642773768 -34.63959706898816
77.99487183829424 -34.12675912083561
78.2178975739831 -33.612441450590495
78.43753181414007 -33.09666635885323
78.65376503551583 -32.57945620941746
78.65376503551583 -32.57945620941746
78.86658786232776 -32.0608334283003
79.07599106666655 -31.540820502770018
79.28196556889623 -31.019439980370926
79.48450243804805 -30.496714467945818
79.48450243804807 -30.496714467945825
81.57447557639658 -30.422656470055472
84.09432812608732 -30.170203612590946
87.10402642512842 -29.660574173091874
90.67406040937816 -28.787756529493297
90.67406040937814 -28.787756529493294
90.76640508732528 -28.495260389203565
90.85780623470589 -28.20246803635421
90.94826290139119 -27.909382514566225
91.03777414707035 -27.616006870508105
91.03777414707035 -27.616006870508087
91.12633904126042 -27.322344153864226
91.21395666331586 -27.028397417303157
91.30062610243816 -26.734169716445848
91.38634645768535 -26.439664109833945
91.38634645768536 -26.43966410983395
88.90288318653201 -23.730538149582696
86.68354545513682 -21.634697971787464
84.7286199254339 -20.02483602406004
83.03201518951344 -18.802132185789254
83.03201518951343 -18.80213218578925
83.15402267218612 -18.25497835104276
83.27242463099412 -17.707032988021645
83.38721593207771 -17.15831985540912
83.49839159813381 -16.608862745178577
83.49839159813381 -16.608862745178577
83.6059468086317 -16.058685481561962
83.7098769000222 -15.507811920016774
83.81017736593968 -14.9562659461917
83.90684385739767 -14.40407147489095
83.90684385739769 -14.404071474890953
85.94221074927175 -13.923702948098494
88.36439392953834 -13.184502056149222
91.21683794823173 -12.097501993097056
94.54799645537216 -10.54497621618354
94.54799645537214 -10.544976216183539
94.58150359002867 -10.240084754255431
94.61402753559031 -9.935086845091028
94.6455679539657 -9.629985659189932
94.67612451728739 -9.3247843681253
94.6761245172874 -9.324784368125279
94.70569690791531 -9.01948614451089
94.73428481843992 -8.714094161968147
94.76188795168557 -8.408611595093086
94.78850602071347 -8.103041619423395
94.78850602071348 -8.103041619423395
91.82423754397655 -5.930470404135236
89.23866562960023 -4.3078725203564145
87.00723495999948 -3.110330669651372
85.10469232280768 -2.2421119070476645
85.10469232280767 -2.2421119070476645
85.11761104809902 -1.6816690007291344
85.1268391091498 -1.1211531779416257
85.13237610583506 -0.5605887424182675
85.13422179807297 -1.5638902833436632e-14
85.13422179807297 -1.5638902833436632e-14
85.13237610583506 0.5605887424182362
85.1268391091498 1.1211531779415946
85.11761104809902 1.6816690007291033
85.10469232280767 2.2421119070476334
85.10469232280768 2.2421119070476334
87.00723495999948 3.11033066965134
89.23866562960023 4.307872520356383
91.82423754397655 5.930470404135202
94.78850602071348 8.10304161942336
94.78850602071347 8.10304161942336
94.76188795168557 8.408611595093051
94.73428481843992 8.714094161968111
94.70569690791531 9.019486144510854
94.6761245172874 9.324784368125243
94.6761245172874 9.324784368125266
94.64556795396571 9.629985659189897
94.61402753559031 9.935086845090995
94.58150359002869 10.240084754255395
94.54799645537216 10.544976216183503
94.54799645537217 10.544976216183507
91.21683794823174 12.097501993097023
88.36439392953835 13.184502056149189
85.94221074927177 13.923702948098462
83.9068438573977 14.404071474890923
83.90684385739769 14.40407147489092
83.8101773659397 14.95626594619167
83.70987690002221 15.507811920016744
83.60594680863171 16.05868548156193
83.49839159813381 16.608862745178545
83.49839159813381 16.608862745178545
83.38721593207772 17.15831985540909
83.27242463099414 17.707032988021613
83.15402267218612 18.254978351042727
83.03201518951344 18.80213218578922
83.03201518951346 18.802132185789223
84.72861992543392 20.024836024060008
86.68354545513682 21.634697971787432
88.90288318653202 23.730538149582664
91.38634645768538 26.439664109833913
91.38634645768536 26.439664109833913
91.30062610243817 26.734169716445816
91.21395666331587 27.028397417303122
91.12633904126044 27.322344153864194
91.03777414707037 27.616006870508052
91.03777414707037 27.616006870508077
90.94826290139119 27.90938251456619
90.8578062347059 28.202468036354176
90.7664050873253 28.495260389203533
90.67406040937816 28.78775652949326
90.67406040937817 28.787756529493265
87.10402642512844 29.66057417309184
84.09432812608732 30.170203612590914
81.57447557639658 30.422656470055443
79.48450243804807 30.496714467945797
79.48450243804807 30.49671446794579
79.28196556889624 31.019439980370898
79.07599106666655 31.54082050276999
78.86658786232778 32.06083342830027
78.65376503551585 32.57945620941743
78.65376503551585 32.57945620941743
78.43753181414009 33.0966663588532
78.21789757398311 33.61244145059047
77.99487183829426 34.12675912083558
77.7684642773768 34.63959706898813
77.76846427737681 34.63959706898814
79.1939315434914 36.169798160121466
80.79722524152484 38.13011411304109
82.56504088554034 40.61865462218078
84.47226085034194 43.760225136038
84.47226085034193 43.760225136038
84.33073239405508 44.03234868829067
84.1883273069968 44.30401451759107
84.04504706948961 44.57521979993165
83.90089317095334 44.84596171609231
83.90089317095337 44.845961716092255
83.75586710988969 45.11623745166966
83.60997039386655 45.38604419710648
83.46320453950243 45.65537914772063
83.31557107245071 45.92423950373437
83.31557107245071 45.92423950373438
79.64385601500828 46.083807121456296
76.59256445339334 45.996481163845814
74.07187905461346 45.75248436509043
72.00761616542681 45.41738582675195
72.0076161654268 45.417385826751946
71.70699229687867 45.89055433200676
71.40325924294564 46.36173304189763
71.09643017336664 46.83090152631149
70.78651839212264 47.29803944229787
70.78651839212264 47.29803944229787
70.47353733685969 47.76312653495085
70.15750057830626 48.226142638287385
69.83842181968484 48.68706767612166
69.51631489611782 49.1458816629356
69.51631489611783 49.145881662935615
70.61586478480103 50.92477523714589
71.80591297348705 53.16021135254486
73.05427036632577 55.94581897685236
74.31195363110956 59.39910525128107
74.31195363110955 59.399105251281064
74.12005593298807 59.63838919367007
73.92738774562777 59.877053185945506
73.73395107184375 60.11509474715893
73.53974792243959 60.35251140283215
73.53974792243957 60.352511402832164
73.34478031618652 60.589300684983
73.14905027980245 60.82546013215088
72.95255984793081 61.0609872894225
72.75531106311949 61.29587970845727
72.75531106311949 61.29587970845728
69.12301688302034 60.736065206240035
66.14739148236042 60.055139739098
63.72274176074986 59.3240699442639
61.76351758590453 58.59269251859951
61.763517585904516 58.5926925185995
61.37635952463659 58.99812041638304
60.9865402099274 59.40099018018465
60.59407654418038 59.80128434173878
60.198985544457 60.198985544456974
60.198985544457 60.198985544456974
59.801284341738814 60.59407654418035
59.40099018018468 60.98654020992737
58.99812041638307 61.37635952463656
58.59269251859953 61.76351758590449
58.59269251859954 61.7635175859045
59.324069944263925 63.722741760749834
60.05513973909803 66.14739148236039
60.73606520624006 69.12301688302031
61.29587970845731 72.75531106311946
61.295879708457306 72.75531106311946
61.060987289422535 72.95255984793079
60.825460132150916 73.14905027980242
60.58930068498303 73.34478031618649
60.3525114028322 73.53974792243955
60.35251140283218 73.53974792243956
60.115094747158956 73.73395107184372
59.87705318594554 73.92738774562774
59.6383891936701 74.12005593298804
59.39910525128109 74.31195363110952
59.3991052512811 74.31195363110953
55.94581897685239 73.05427036632574
53.16021135254489 71.80591297348703
50.924775237145916 70.615864784801
49.14588166293564 69.5163148961178
49.14588166293563 69.5163148961178
48.687067676121686 69.83842181968481
48.22614263828741 70.15750057830624
47.76312653495087 70.47353733685968
47.2980394422979 70.78651839212263
47.2980394422979 70.78651839212263
46.83090152631152 71.09643017336661
46.36173304189766 71.40325924294562
45.890554332006786 71.70699229687865
45.417385826751975 72.00761616542677
45.41738582675198 72.00761616542678
45.75248436509046 74.07187905461345
45.99648116384584 76.59256445339332
46.083807121456324 79.64385601500825
45.92423950373441 83.3155710724507
45.924239503734405 83.31557107245068
45.65537914772066 83.46320453950241
45.386044197106514 83.60997039386652
45.11623745166969 83.75586710988968
44.84596171609229 83.90089317095335
44.84596171609235 83.90089317095332
44.57521979993169 84.0450470694896
44.304014517591106 84.18832730699678
44.0323486882907 84.33073239405506
43.76022513603804 84.47226085034191
43.76022513603804 84.47226085034193
40.61865462218081 82.56504088554033
38.130114113041124 80.79722524152484
36.1697981601215 79.19393154349139
34.639597068988174 77.76846427737681
34.63959706898817 77.7684642773768
34.126759120835615 77.99487183829424
33.612441450590495 78.2178975739831
33.096666358853234 78.43753181414007
32.579456209417465 78.65376503551583
32.579456209417465 78.65376503551583
32.060833428300306 78.86658786232776
31.54082050277002 79.07599106666655
31.019439980370933 79.28196556889623
30.496714467945825 79.48450243804805
30.49671446794583 79.48450243804807
30.42265647005548 81.57447557639658
30.17020361259095 84.09432812608732
29.660574173091877 87.10402642512842
28.787756529493304 90.67406040937816
28.787756529493297 90.67406040937814
28.49526038920357 90.76640508732528
28.202468036354215 90.8578062347059
27.90938251456623 90.94826290139119
27.616006870508112 91.03777414707035
27.616006870508095 91.03777414707035
27.32234415386423 91.12633904126042
27.02839741730316 91.21395666331586
26.734169716445855 91.30062610243816
26.43966410983395 91.38634645768535
26.439664109833952 91.38634645768536
23.730538149582703 88.90288318653201
21.634697971787467 86.68354545513682
20.024836024060043 84.7286199254339
18.802132185789258 83.03201518951344
18.802132185789254 83.03201518951343
18.254978351042762 83.1540226721861
17.70703298802165 83.27242463099412
17.158319855409125 83.38721593207771
16.60886274517858 83.49839159813381
16.60886274517858 83.49839159813381
16.058685481561966 83.6059468086317
15.50781192001678 83.7098769000222
14.956265946191705 83.81017736593968
14.404071474890955 83.90684385739767
14.404071474890959 83.90684385739769
13.923702948098498 85.94221074927175
13.184502056149228 88.36439392953834
12.097501993097062 91.21683794823173
10.544976216183546 94.54799645537216
10.544976216183544 94.54799645537214
10.240084754255436 94.58150359002867
9.935086845091034 94.61402753559031
9.629985659189938 94.6455679539657
9.324784368125306 94.67612451728739
